#     size |          binary |             5th |   optimized 5th |
#----------------------------------------------------------------|
    100000 |        21.77520 |        21.48680 |        14.26380 | 
    200000 |        46.01340 |        44.98540 |        28.04360 | 
    300000 |        71.35720 |        70.72860 |        42.18040 | 
    400000 |        98.00900 |        96.94860 |        56.03420 | 
    500000 |       124.68100 |       122.42660 |        70.20620 | 
    600000 |       151.44360 |       149.37920 |        86.03820 | 
    700000 |       177.94420 |       166.55380 |        73.68480 | 
    800000 |       125.31720 |       117.35520 |        65.98520 | 
    900000 |       136.09340 |       132.50000 |        74.46980 | 
   1000000 |       153.06840 |       148.87380 |        82.96140 | 
   1100000 |       169.13540 |       164.73100 |        91.11240 | 
   1200000 |       185.82280 |       182.42360 |        99.65300 | 
   1300000 |       204.26980 |       199.64900 |       108.51620 | 
   1400000 |       221.46400 |       216.55240 |       117.01820 | 
   1500000 |       237.95680 |       235.11240 |       125.33340 | 
   1600000 |       255.96100 |       251.32580 |       134.49180 | 
   1700000 |       273.52060 |       269.27240 |       142.56440 | 
   1800000 |       291.96200 |       287.50800 |       150.92940 | 
   1900000 |       308.24140 |       302.25920 |       162.26220 | 
   2000000 |       325.83840 |       322.38760 |       167.38380 | 
   2100000 |       343.59600 |       337.65460 |       175.77140 | 
   2200000 |       362.45000 |       356.67420 |       183.75940 | 
   2300000 |       379.24480 |       375.19440 |       192.15120 | 
   2400000 |       396.75640 |       391.81920 |       200.52900 | 
   2500000 |       414.34520 |       409.75880 |       208.64340 | 
   2600000 |       431.83120 |       428.06180 |       217.17560 | 
   2700000 |       450.63740 |       446.27320 |       229.74480 | 
   2800000 |       468.13760 |       464.45840 |       233.60340 | 
   2900000 |       487.15460 |       481.87140 |       243.21260 | 
   3000000 |       510.90280 |       499.69940 |       250.91520 | 
   3100000 |       524.15760 |       516.94880 |       259.08900 | 
   3200000 |       544.39340 |       540.74200 |       267.35180 | 
   3300000 |       561.94220 |       551.89800 |       276.40820 | 
   3400000 |       580.01940 |       570.99600 |       283.55080 | 
   3500000 |       599.59640 |       590.99700 |       292.80660 | 
   3600000 |       620.47660 |       612.04260 |       300.82960 | 
   3700000 |       643.64200 |       631.14460 |       309.43680 | 
   3800000 |       661.79040 |       649.64880 |       317.95520 | 
   3900000 |       673.90420 |       662.99740 |       326.35380 | 
   4000000 |       706.76400 |       677.23960 |       334.79500 | 
   4100000 |       720.97360 |       698.80200 |       343.00400 | 
   4200000 |       733.94060 |       718.18780 |       351.45700 | 
   4300000 |       756.37100 |       732.89220 |       359.52420 | 
   4400000 |       774.66480 |       753.06180 |       368.65060 | 
   4500000 |       793.58460 |       769.91320 |       375.81860 | 
   4600000 |       811.71240 |       800.42460 |       391.04240 | 
   4700000 |       837.78280 |       807.24260 |       394.03640 | 
   4800000 |       858.58840 |       831.69800 |       401.88540 | 
   4900000 |       870.50860 |       847.94500 |       409.26720 | 
   5000000 |       894.72380 |       867.60440 |       419.47780 | 
   5100000 |       917.38080 |       884.51500 |       426.16540 | 
   5200000 |       933.24460 |       922.78220 |       443.44560 | 
   5300000 |      1014.92120 |       981.86740 |       456.37040 | 
   5400000 |      1029.47200 |      1022.40180 |       515.73220 | 
   5500000 |      1079.73820 |       962.62040 |       459.87040 | 
   5600000 |      1009.88320 |       981.20660 |       468.31260 | 
   5700000 |      1036.69940 |       998.23180 |       476.10500 | 
   5800000 |      1055.23240 |      1015.67200 |       484.67640 | 
   5900000 |      1103.64820 |      1173.85480 |       495.12120 | 
   6000000 |      1097.41420 |      1098.01040 |       501.67480 | 
   6100000 |      1144.60600 |      1085.80300 |       510.03460 | 
   6200000 |      1140.38660 |      1089.58180 |       517.35840 | 
   6300000 |      1160.65360 |      1116.37120 |       525.58340 | 
   6400000 |      1175.68040 |      1135.31720 |       534.61820 | 
   6500000 |      1197.21500 |      1192.04200 |       583.16680 | 
   6600000 |      1325.66680 |      1279.88360 |       553.81260 | 
   6700000 |      1244.73360 |      1195.40620 |       558.99420 | 
   6800000 |      1264.01140 |      1214.53300 |       567.70960 | 
   6900000 |      1283.64920 |      1235.68340 |       576.58920 | 
   7000000 |      1393.11200 |      1257.59060 |       596.03520 | 
   7100000 |      1321.03520 |      1281.40520 |       592.90820 | 
   7200000 |      1345.79820 |      1298.70940 |       601.58920 | 
   7300000 |      1367.27100 |      1320.36860 |       611.80900 | 
   7400000 |      1388.39180 |      1343.57340 |       617.90080 | 
   7500000 |      1405.20040 |      1360.27940 |       627.44180 | 
   7600000 |      1434.75840 |      1381.58740 |       634.78580 | 
   7700000 |      1455.04640 |      1401.62900 |       655.20560 | 
   7800000 |      1477.33420 |      1415.34320 |       656.50180 | 
   7900000 |      1562.68280 |      1495.34100 |       672.54960 | 
   8000000 |      1519.99260 |      1458.65840 |       668.87320 | 
   8100000 |      1535.63340 |      1486.98660 |       676.50560 | 
   8200000 |      1560.81540 |      1499.36960 |       685.45940 | 
   8300000 |      1580.61400 |      1527.90160 |       693.05520 | 
   8400000 |      1609.72840 |      1544.03500 |       701.34020 | 
   8500000 |      1628.03540 |      1569.34220 |       710.13820 | 
   8600000 |      1654.27180 |      1586.76400 |       717.83980 | 
   8700000 |      1673.36740 |      1605.30660 |       726.39580 | 
   8800000 |      1702.28220 |      1623.49480 |       734.19300 | 
   8900000 |      1714.83520 |      1645.96800 |       741.94580 | 
   9000000 |      1735.52980 |      1660.87900 |       750.05660 | 
   9100000 |      1755.68140 |      1684.84440 |       773.07120 | 
   9200000 |      1810.90760 |      1706.40460 |       766.70580 | 
   9300000 |      1803.85100 |      1734.45520 |       775.44920 | 
   9400000 |      1823.18840 |      1757.22080 |       785.74080 | 
   9500000 |      1870.06280 |      1872.56260 |       808.38340 | 
   9600000 |      1882.27900 |      1791.52100 |       801.12040 | 
   9700000 |      1886.77060 |      1822.38960 |       810.23640 | 
   9800000 |      1913.17120 |      1831.57840 |       817.31780 | 
   9900000 |      1937.24840 |      1853.99980 |       842.58240 | 
  10000000 |      1965.55480 |      1874.61720 |       835.88060 | 
