#     size | median of three |         central |            rand |
#-----------------------------------------------------------------
      1000 |         0.07920 |         0.07420 |         0.10860 | 
    101000 |        11.05420 |        10.67780 |        14.70040 | 
    201000 |        22.94200 |        22.26580 |        30.59180 | 
    301000 |        34.97520 |        38.06580 |        50.44620 | 
    401000 |        50.08700 |        53.38540 |        70.93580 | 
    501000 |        63.51180 |        61.30520 |        84.19960 | 
    601000 |        75.99320 |        74.41220 |        98.64060 | 
    701000 |        86.78400 |        90.57660 |       128.73320 | 
    801000 |       105.12600 |       105.17560 |       149.04160 | 
    901000 |       120.37060 |       123.49360 |       168.96520 | 
   1001000 |       112.93960 |        84.14380 |       106.27480 | 
   1101000 |        89.22020 |        86.96860 |       117.56180 | 
   1201000 |       103.46780 |        93.59440 |       122.00200 | 
   1301000 |       100.74920 |       107.83960 |       140.22760 | 
   1401000 |       109.42580 |       106.46880 |       148.19380 | 
   1501000 |       117.75780 |       114.18780 |       159.02820 | 
   1601000 |       136.95080 |       133.43820 |       176.64640 | 
   1701000 |       147.94840 |       146.94420 |       188.15880 | 
   1801000 |       150.21980 |       149.33580 |       194.30920 | 
   1901000 |       149.93920 |       152.07800 |       223.47980 | 
   2001000 |       167.06440 |       163.83540 |       224.34020 | 
   2101000 |       187.20380 |       178.58020 |       248.45500 | 
   2201000 |       196.04620 |       180.60600 |       229.84400 | 
   2301000 |       187.34600 |       198.17660 |       252.02700 | 
   2401000 |       209.04460 |       210.55220 |       271.67320 | 
   2501000 |       198.45160 |       195.16960 |       264.09880 | 
   2601000 |       207.82940 |       203.79540 |       304.53520 | 
   2701000 |       245.31620 |       234.38240 |       286.96800 | 
   2801000 |       226.72880 |       219.63880 |       298.24320 | 
   2901000 |       234.38380 |       228.47360 |       308.84220 | 
   3001000 |       242.77740 |       236.35040 |       322.14300 | 
   3101000 |       256.81100 |       246.27040 |       324.83880 | 
   3201000 |       258.49980 |       252.42200 |       347.37520 | 
   3301000 |       265.69800 |       259.31260 |       348.28600 | 
   3401000 |       274.76560 |       286.07580 |       401.74480 | 
   3501000 |       326.03260 |       287.21800 |       386.96040 | 
   3601000 |       297.39940 |       283.71620 |       379.50620 | 
   3701000 |       296.84520 |       291.53160 |       393.05260 | 
   3801000 |       305.74140 |       299.04740 |       405.05420 | 
   3901000 |       315.95420 |       307.81440 |       414.69660 | 
   4001000 |       324.71480 |       315.11420 |       421.80580 | 
   4101000 |       334.63900 |       324.48080 |       429.62660 | 
   4201000 |       340.70920 |       331.50920 |       453.29600 | 
   4301000 |       349.17300 |       340.30880 |       454.22880 | 
   4401000 |       357.28560 |       348.65780 |       469.19800 | 
   4501000 |       363.94260 |       357.62540 |       489.57400 | 
   4601000 |       376.78240 |       366.55600 |       492.42100 | 
   4701000 |       382.82240 |       378.45940 |       512.69760 | 
   4801000 |       391.88660 |       386.92240 |       514.02920 | 
   4901000 |       400.66140 |       392.57880 |       530.13740 | 
   5001000 |       408.10140 |       403.17180 |       544.27940 | 
   5101000 |       417.77380 |       410.08380 |       563.41500 | 
   5201000 |       430.47760 |       418.53480 |       565.77160 | 
   5301000 |       436.88700 |       427.27540 |       578.36700 | 
   5401000 |       446.31740 |       435.98160 |       582.90080 | 
   5501000 |       454.34460 |       442.54200 |       594.18900 | 
   5601000 |       463.13500 |       452.44920 |       605.44460 | 
   5701000 |       469.54380 |       460.31940 |       632.32200 | 
   5801000 |       482.76620 |       477.74000 |       636.10820 | 
   5901000 |       488.21020 |       487.73440 |       643.94920 | 
   6001000 |       498.21520 |       489.54860 |       646.00160 | 
   6101000 |       507.98160 |       507.66900 |       672.46380 | 
   6201000 |       524.04760 |       505.89440 |       674.99080 | 
   6301000 |       532.32480 |       518.47240 |       689.81960 | 
   6401000 |       539.00820 |       521.55920 |       707.96200 | 
   6501000 |       549.60100 |       533.09480 |       710.19740 | 
   6601000 |       549.49300 |       540.49780 |       724.19800 | 
   6701000 |       557.90140 |       547.48420 |       735.12360 | 
   6801000 |       565.24580 |       560.30600 |       775.21140 | 
   6901000 |       628.46840 |       620.97140 |       849.21540 | 
   7001000 |       658.12300 |       602.02640 |       851.71280 | 
   7101000 |       636.40620 |       584.50660 |       776.56400 | 
   7201000 |       604.15560 |       592.81840 |       792.79180 | 
   7301000 |       610.80920 |       602.56620 |       809.48140 | 
   7401000 |       620.13100 |       610.08080 |       816.73700 | 
   7501000 |       630.42680 |       616.77280 |       825.28500 | 
   7601000 |       646.73520 |       648.75160 |       857.31460 | 
   7701000 |       707.71880 |       639.89720 |       892.94760 | 
   7801000 |       658.22900 |       644.28660 |       906.30520 | 
   7901000 |       704.96900 |       651.16620 |       869.58360 | 
   8001000 |       674.93840 |       682.33020 |       911.35540 | 
   8101000 |       718.06880 |       694.55220 |       904.17460 | 
   8201000 |       694.12080 |       676.61520 |       934.21460 | 
   8301000 |       745.26560 |       737.71940 |       969.79340 | 
   8401000 |       741.49720 |       693.42340 |       933.39100 | 
   8501000 |       719.68840 |       699.59740 |       993.31100 | 
   8601000 |       743.77520 |       710.20420 |       958.47360 | 
   8701000 |       738.35600 |       719.91200 |       970.92700 | 
   8801000 |       796.19960 |       781.92780 |      1005.40000 | 
   8901000 |       752.30980 |       736.54020 |       995.82780 | 
   9001000 |       761.39820 |       773.52320 |      1061.92640 | 
   9101000 |       767.66500 |       754.24100 |      1007.08180 | 
   9201000 |       776.39100 |       767.75940 |      1084.19860 | 
   9301000 |       813.00240 |       770.77440 |      1044.28840 | 
   9401000 |       795.53300 |       779.28020 |      1048.11880 | 
   9501000 |       803.92980 |       791.37920 |      1066.64980 | 
   9601000 |       853.16560 |       857.25240 |      1100.46380 | 
   9701000 |       874.54500 |       826.98580 |      1126.92280 | 
   9801000 |       907.73800 |       821.23640 |      1106.55940 | 
   9901000 |       868.79560 |       843.64800 |      1124.64100 | 
